.\sde\sde\fsd\universe\eve\Fountain\
YVBE-E 959.7910127968722 376.6218879322557 757.8966694060208
RP2-OQ 960.4731677005855 333.6784712181141 809.5500026563359
R3W-XU 966.5260651428963 336.3152124373207 843.1422317703812
PNQY-Y 954.6683988442843 508.9593567156826 830.6420689101907
CL-BWB 980.2345266304692 263.0634666425059 803.6420081329198
C-C99Z 972.1234289840554 64.36180936485997 801.448621587583
BYXF-Q 965.2302046005763 275.3656564422181 766.9583796682759
AC2E-3 973.229744907446 201.468732233468 779.2772308304754
U-SOH2 952.4544111062962 683.3539316674879 700.7289811675655
L-1SW8 948.8017731736348 462.169940337398 706.8986559779617
H-NPXW 953.4670300814528 377.3802964984476 703.5241237625112
DBRN-Z 961.3490284141947 695.8449884137075 676.0142323333997
B17O-R 941.8034436327047 189.5241216351693 738.4071137364783
6F-H3W 945.5208839432362 299.3260599457578 725.0889414552219
YRNJ-8 996.6718882604195 22.19096936016856 776.039199156397
P5-EFH 978.6615961853588 224.9914231475508 724.0014347940523
L-A5XP 988.3035915661274 164.0830089806748 719.2770159802769
D4KU-5 980.374230460441 0.0 643.1816788317192
9D6O-M 996.2724138590152 326.3475223705365 686.1553767163497
3ZTV-V 1000.0 128.5746924772483 687.3343054300005
RE-C26 937.2100491010233 478.1438002478463 912.9727294039607
OW-TPO 937.1936848646826 221.939444619201 791.3724445452269
N2-OQG 946.5546361667759 465.1804679083052 945.0248649911115
KCT-0A 930.6088562141488 220.3384657801197 858.4421847807212
JGOW-Y 937.3442825952383 334.043755142599 849.6265186625537
IGE-RI 932.5611564246432 143.3313816061218 769.505423351663
APM-6K 938.6526734666792 410.0752193267487 866.3711040807746
AL8-V4 942.5139320419273 294.5194851361853 819.0612964905172
9O-ORX 932.9055067213167 477.4151624802751 827.8659292791177
8ESL-G 942.7291918914934 306.9629471279266 877.9902739185221
5-D82P 938.8845780801106 485.7962578744568 853.9132043312884
O-PNSN 867.7845871701755 501.5869593709538 657.93599208507
F2-2C3 854.7997054808978 510.9915143862317 638.677391385445
F-88PJ 863.1940914457942 341.5422994064102 670.6647497848758
C-FER9 862.6047918979359 539.2158001796911 654.6919829057036
ATQ-QS 859.0214448178572 421.1674311340992 608.5825577255016
1-5GBW 862.6828259286409 416.6802335326009 634.6976524085242
G95F-H 906.9464502331665 577.5981709161343 890.622407212159
CHA2-Q 900.1571621310126 673.806035954468 889.2604666125337
C1XD-X 917.6178028654003 579.7611509392639 903.5210406039796
C-N4OD 901.258007723549 555.4659556204303 862.4216732036821
B32-14 908.8857525670317 642.1780234859297 903.4850681915764
00GD-D 925.7545689862286 546.6597330153494 923.5669807764439
YZ-LQL 881.4289008522734 638.1781723785469 578.0788465894868
WY-9LL 896.2784171995199 433.7261975265573 560.5734983327459
SerpentisPrime 875.0060313901932 652.071420411091 576.0575907234573
MN5N-X 881.1355602157806 554.887600399161 614.9822020674753
D-Q04X 874.9129422581328 440.3402374735239 610.3106115828739
A-1CON 887.1173901132099 723.0500621579127 571.9140072498473
75FA-Z 880.1867150061311 487.5926183860872 531.1197521262586
YZS5-4 956.9061848568472 666.9091984391341 931.7498635200024
XF-TQL 962.6911296095557 606.0569234931551 933.2182001368471
IR-WT1 949.9070604846621 790.7390365712009 851.0088704752524
A8-XBW 948.0142793362652 743.9808834817721 824.0638958105328
9-VO0Q 942.5841112431109 567.1395713174741 841.7138853802683
4-EP12 957.9734136330042 605.6547782141497 884.6598276848625
3WE-KY 955.4876392981937 599.9185379006838 848.4045483307742
V6-NY1 852.2335126118126 788.0352170148025 575.002212035315
R-BGSU 855.5374987881694 941.2507546859886 595.3602173611231
PXF-RF 840.3502245901046 712.5215651375676 580.0403989884541
OL3-78 853.1456084166742 857.6230916492985 608.3476632396208
9DQW-W 846.1779033772829 776.88313079902 584.7680509571042
57-KJB 861.0047903260798 734.0807552404699 610.9721997323493
ZUE-NS 821.4476608088727 719.1423146488555 460.6668870113763
ZTS-4D 809.06919098373 734.5274751680046 446.3235764700519
XUW-3X 840.3508324062782 473.5912807687094 500.103908372196
PB-0C1 828.8374696530205 638.8403377019609 482.1129593892025
L7-APB 813.3795309780369 826.3927302623237 450.5087071852437
006-L3 835.6076349703933 541.7811072456326 518.1059891170175
Y-1W01 929.7698851641873 884.7072699921097 826.3055587653705
SPLE-Y 910.2238795914104 867.6950586261327 733.5092426823325
Q-XEB3 911.1033871922557 1000.0 786.3248304934265
K8L-X7 904.4356619914339 900.0238907590868 777.2816746583284
E-BWUU 940.4391338252782 835.7294712111768 864.1247074426357
9R4-EJ 917.1855064837741 932.0844619022445 777.3919900573154
Z30S-A 884.2444846910348 751.7979712236136 628.5915143193557
UAYL-F 895.102483134898 951.8474403945871 729.8569544484832
H-S80W 875.3847465831821 979.2785162412375 642.276118083773
ESC-RI 883.9535285581119 930.1914778085498 685.2534803223788
A-HZYL 878.7138869351261 731.8148451345342 645.0299360274699
671-ST 880.0445331650487 956.4119422132047 705.3227511089276
TEG-SD 843.4609725089766 398.3671140003561 474.4539137194067
LJ-TZW 852.2223849301204 225.9310828011279 449.3929360057106
KVN-36 825.36357593644 195.1818631851421 457.8107132359003
J-RQMF 859.3246039961542 402.7115939776728 463.6719615201716
I-CUVX 865.0920156363965 465.8608469986985 515.7958264563146
87XQ-0 830.2634024985895 361.7157258852394 472.8804875478825
14YI-D 865.9512315812377 480.3019532184437 489.2630938508752
TU-Y2A 890.548736810402 953.9248374695051 508.8021093512692
M-KXEH 897.1492283735621 647.8223263852583 556.1698665290664
LIWW-P 885.4208863031655 814.6044934317567 551.6630064289548
G-UTHL 886.7283420697839 745.4433847263564 540.6766020682362
7BIX-A 900.5600496434471 954.4339964234987 513.9350862956227
38IA-E 893.2691275459601 769.3965835839488 558.3875031342624
XJP-Y7 930.3683019301358 290.2830307460651 646.9621780687677
QV28-G 906.1401141483457 262.0742767424152 633.3037482613593
NY6-FH 908.0178401953871 374.8948907200214 638.2477805562238
NDH-NV 916.2746730625786 369.9648554682548 660.3499960058346
HMF-9D 882.0470949655929 127.3967866202963 597.9926194635311
AV-VB6 926.7013102247356 320.0765563488009 605.947900635951
7BX-6F 936.2734069367478 330.053931924198 604.462043127466
6VDT-H 925.7476960079462 203.4367783990682 693.3878383396925
15U-JY 934.73287767567 79.67807043256315 671.262026061193
Z9PP-H 945.8208637818058 698.103103294496 943.197144285489
J5A-IX 947.8605490222036 554.0237803191868 1000.0
EI-O0O 937.8341810927056 646.2063614843984 978.7911665784433
D2AH-Z 918.492260931581 752.6104836258751 957.8646181655183
7X-02R 929.7728307277091 693.4995773945026 963.6036676252922
7-8S5X 937.9875841230208 859.203417440331 956.9334874744269
Z-YN5Y 809.1372662088681 18.69397098518208 450.6326956806705
Y-2ANO 809.9695980518501 397.2795299615984 358.7245950653572
WMH-SO 813.6349065822972 214.8274917124612 412.8038738252162
LBGI-2 808.3069915857099 366.7909172086402 397.9367083117986
G1CA-Y 815.0759880367624 31.94923127150383 443.3504118189086
4HS-CR 825.8646021155995 195.2516610566435 429.2241527303972
