..\sde\sde\fsd\universe\eve\Lonetrek\
Tartoken,30001441,30001439,30001440,30001442
Tamo,30001437,30001422,30001438
Saranen,30001442,30001440,30001441
Nannaras,30001438,30001437,30001439,30001440
Karjataimon,30001440,30001438,30001439,30001441,30001442
Anin,30001439,30001438,30001440,30001441
Ylandoki,30001395,30001393,30001394,30001396,30001397
Malkalen,30001393,30001392,30001394,30001395,30001363
Korama,30001394,30001391,30001393,30001361,30001395,30001396
Isseras,30001397,30001395,30001396
Amsen,30001392,30001378,30001393
Aakari,30001396,30001394,30001395,30001397
Rauntaka,30001417,30001416,30001419,30001421
Otalieto,30001421,30001417,30001420,30001423,30001430,30001398
Liukikka,30001416,30001398,30001417,30001418
Jotenen,30001423,30001419,30001421
Iitanmadan,30001422,30001420,30001437
Daras,30001420,30001419,30001421,30001422
Atai,30001419,30001417,30001420,30001423
Aikantoh,30001418,30001416
Semiki,30001359,30001357
Ossa,30001358,30001356,30001357
Kiskoken,30001360,30001357
Dantumi,30001356,30001358,30001388,30001361
Aurohunen,30001361,30001356,30001394,30001383
Antiainen,30001357,30001358,30001359,30001360
Tunttaras,30001379,30001376,30001377,30041407
Tsuguwa,30001375,30001374,30001376,30001378,30001404
Sarekuwa,30001377,30001374,30001379,30031407,30001362
Nourvukaiken,30001376,30001374,30001375,30001379
Jouvulen,30011392,30001378
Iidoken,30001374,30001375,30001376,30001362,30001389,30001377,30001410
Ichinumi,30041407,30001379
Hitanishio,30031407,30001377
Ekura,30001378,30001375,30001392,30011392
Vuorrassi,30001443,30001367,30001444
Taisy,30001447,30001446,30001448
Otsasai,30001446,30001444,30001447,30001448
Oimmo,30001444,30001443,30001446
Hakonen,30001448,30001446,30001447
Piak,30001403,30001399,30001424
Passari,30001402,30001388,30001400
Nonni,30001401,30001398,30001399,30001400
Litiura,30001400,30001401,30001402,30001368,30001399
Elonaya,30001399,30001401,30001403,30001400
Aunenen,30001398,30001401,30001416,30001421
Uesuro,30001432,30001431,30001433,30001434
Oishami,30001433,30001432
Ohbochi,30001435,30001434,30001436
Isie,30001436,30001435
Endatoh,30001430,30001421,30001431
Elanoda,30001434,30001432,30001435
Aivoli,30001431,30001430,30001432
Saatuban,30001386,30001389,30001391
Piekura,30001391,30001386,30001388,30001394,30001366
Pakkonen,30001390,30001387
Mara,30001388,30001356,30001402,30001391
Isikano,30001387,30001389,30001390
Isanamo,30001389,30001386,30001368,30001374,30001387,30001363
Veisto,30001362,30001374,30001363,30001377
Uosusuokko,30001366,30001391,30001365,30001367
Sobaseki,30001363,30001362,30001389,30001364,30001405,30001393
Kappas,30021392,30001364
Isikemi,30001365,30001364,30001366
Hageken,30001367,30001382,30001366,30001443
Funtanainen,30001364,30001363,30001365,30021392
Umokka,30001409,30001408
Todaki,30001407,30001405
Ruvas,30001408,30001404,30001405,30001406,30001409
Kamokor,30001406,30001404,30001405,30001408
Kakakela,30001405,30001404,30001406,30001407,30001408,30001363
Akiainavas,30011407,30001404
Airkio,30001404,30001375,30001405,30001406,30001408,30011407
Tsukuras,30001412,30001370,30001411,30001414
Kuoka,30001415,30001371,30001414
Kirras,30001410,30001374,30001411
Autama,30001411,30001410,30001370,30001412
Ajanen,30001414,30001412,30001415
Vellaine,30001380,30001382,30001384
Vaajaita,30001383,30001382,30001385,30001361
Jan,30001385,30001383,30001384
Autaris,30001384,30001380,30001382,30001385
Akonoinen,30001382,30001380,30001383,30001384,30001367
Uemisaisen,30001368,30001389,30001369,30001370,30001371,30001400
Sotrentaira,30001369,30001368,30001373
Raussinen,30001373,30001369
Ouranienen,30001370,30001368,30001411,30001412
Erenta,30001371,30001368,30001415
Yoma,30001427,30001426,30001428
Torrinos,30001429,30001428
Oipo,30001425,30001424,30001426
Isinokka,30001426,30001425,30001427
Ibura,30001428,30001427,30001429
Haajinen,30001424,30001403,30001425
