42.5702429388047,984.8981706588054
254.6975619493402,880.9482957367726
0.0,951.3719101507023
407.4785106992629,955.9593478426295
252.1173012318729,887.8984725061803
406.1306102441318,981.2114596560048
577.5168057634498,403.9870715060451
653.4431434826538,344.1658769888606
670.5836584528868,410.4261437494195
555.7368673176228,497.9542724484834
622.1135664316436,287.1068434029426
629.3716468506832,464.3523177811813
526.7414035419192,868.1451695680422
632.7558815291919,958.7145814055683
555.4777004593194,786.5524428286874
699.9989999718543,906.5685717672382
293.0257223345444,1000.0
363.1111821979527,977.7506484060774
477.2886141464206,920.3829245785776
657.8641956900906,770.5481971971832
1000.0,721.7105967339248
776.6039054646556,643.9089983873035
749.0662280069893,752.7029615084145
755.1836282082472,548.0793494415977
749.8548957395006,558.1927985959509
855.3476384052456,766.088324438831
392.2194042520617,12.31956214870547
548.3191317405892,124.5360670389632
235.9100451764446,56.28029614214811
438.7596661557561,51.34758833500029
619.4272875353378,183.4021182542046
293.1417251779735,121.1733371701049
392.2194042520617,0.8363414239493439
235.9100451764446,90.72995831641649
619.427287541111,194.8853389796003
496.0308334046742,511.6750213252536
491.5547177117445,646.1585341465751
567.8805458398712,623.3041361696871
536.3986955241058,542.0707877226907
543.8770839426194,681.140048638301
889.9992733807876,645.1253426815068
596.9421820911333,471.3736267862409
572.9460755863042,687.7083754128895
575.7500957155462,533.9884088241923
716.4488841445992,672.9796101382386
439.6217023423472,754.7725546832788
441.8718103535166,821.6436124715322
357.4272922381173,817.7843931302352
319.9056800563724,761.630648158118
274.2225895389787,716.5784314393203
614.3097642293405,922.6483425967609
424.5449140944772,763.3234601452543
565.2555560215928,891.7463715156559
412.7544238628499,366.6561657922047
596.143156322818,460.678278792565
784.0364230155246,340.1368526702516
645.5918896041441,522.5499739845179
504.0589409573304,304.2615388588536
328.101082748674,293.7517091366772
378.2299039572719,137.3993430303446
499.4973057171183,430.4242699793444
434.1221923951276,233.9578861678628
444.0605233091898,260.1226865299699
444.2632230901268,371.2611753406831
465.2802869086012,467.0185093330975
444.0605233091898,294.5723487042383
592.6404624717561,0.0
528.3324728314682,112.0349571827091
573.7708450991737,21.86767056028516
673.6335956236608,83.1255334374545
556.8888000260062,95.14020695231306
591.1305286290109,50.38912743620514
591.1305286293539,84.83878960704912
314.5456758821975,224.4621554106589
176.1180263092456,178.1236448867311
289.868065841497,161.1223652668041
320.5372869878932,209.5750744552411
269.0202653272873,188.0662753037709
285.2109956454002,433.9121148588229
344.8641250424625,481.1932541967962
307.5133888292228,559.688434057404
281.5015790508116,514.5235209039421
343.0901918350289,495.933339803268
130.4374949677936,270.0151700872136
161.6537402962756,289.9431778485741
142.8719540703452,327.9321834409372
219.6626840013873,260.9739422004827
113.9142763772457,204.3074030976059
798.4093904793624,895.2583776987775
702.0294425805658,995.9121775411037
888.6752239846812,731.7525757338063
857.4440621154789,784.7964397388984
763.5530571674605,938.0154394122007
865.0936283477264,669.4508768973858
0.0,1000.0
5.0,1000.0
10.0,1000.0
15.0,1000.0
20.0,1000.0
25.0,1000.0
30.0,1000.0
35.0,1000.0
40.0,1000.0
45.0,1000.0
50.0,1000.0
55.0,1000.0
60.0,1000.0
65.0,1000.0
70.0,1000.0
75.0,1000.0
80.0,1000.0
85.0,1000.0
90.0,1000.0
95.0,1000.0
100.0,1000.0
105.0,1000.0
110.0,1000.0
115.0,1000.0
120.0,1000.0
125.0,1000.0
130.0,1000.0
135.0,1000.0
140.0,1000.0
145.0,1000.0
150.0,1000.0
155.0,1000.0
160.0,1000.0
165.0,1000.0
170.0,1000.0
175.0,1000.0
180.0,1000.0
185.0,1000.0
190.0,1000.0
195.0,1000.0
200.0,1000.0
205.0,1000.0
210.0,1000.0
215.0,1000.0
220.0,1000.0
225.0,1000.0
230.0,1000.0
235.0,1000.0
240.0,1000.0
245.0,1000.0
250.0,1000.0
255.0,1000.0
260.0,1000.0
265.0,1000.0
270.0,1000.0
275.0,1000.0
280.0,1000.0
285.0,1000.0
290.0,1000.0
295.0,1000.0
300.0,1000.0
305.0,1000.0
310.0,1000.0
315.0,1000.0
320.0,1000.0
325.0,1000.0
330.0,1000.0
335.0,1000.0
340.0,1000.0
345.0,1000.0
350.0,1000.0
355.0,1000.0
360.0,1000.0
365.0,1000.0
370.0,1000.0
375.0,1000.0
380.0,1000.0
385.0,1000.0
390.0,1000.0
395.0,1000.0
400.0,1000.0
405.0,1000.0
410.0,1000.0
415.0,1000.0
420.0,1000.0
425.0,1000.0
430.0,1000.0
435.0,1000.0
440.0,1000.0
445.0,1000.0
450.0,1000.0
455.0,1000.0
460.0,1000.0
465.0,1000.0
470.0,1000.0
475.0,1000.0
480.0,1000.0
485.0,1000.0
490.0,1000.0
495.0,1000.0
500.0,1000.0
505.0,1000.0
510.0,1000.0
515.0,1000.0
520.0,1000.0
525.0,1000.0
530.0,1000.0
535.0,1000.0
540.0,1000.0
545.0,1000.0
550.0,1000.0
555.0,1000.0
560.0,1000.0
565.0,1000.0
570.0,1000.0
575.0,1000.0
580.0,1000.0
585.0,1000.0
590.0,1000.0
595.0,1000.0
600.0,1000.0
605.0,1000.0
610.0,1000.0
615.0,1000.0
620.0,1000.0
625.0,1000.0
630.0,1000.0
635.0,1000.0
640.0,1000.0
645.0,1000.0
650.0,1000.0
655.0,1000.0
660.0,1000.0
665.0,1000.0
670.0,1000.0
675.0,1000.0
680.0,1000.0
685.0,1000.0
690.0,1000.0
695.0,1000.0
700.0,1000.0
705.0,1000.0
710.0,1000.0
715.0,1000.0
720.0,1000.0
725.0,1000.0
730.0,1000.0
735.0,1000.0
740.0,1000.0
745.0,1000.0
750.0,1000.0
755.0,1000.0
760.0,1000.0
765.0,1000.0
770.0,1000.0
775.0,1000.0
780.0,1000.0
785.0,1000.0
790.0,1000.0
795.0,1000.0
800.0,1000.0
805.0,1000.0
810.0,1000.0
815.0,1000.0
820.0,1000.0
825.0,1000.0
830.0,1000.0
835.0,1000.0
840.0,1000.0
845.0,1000.0
850.0,1000.0
855.0,1000.0
860.0,1000.0
865.0,1000.0
870.0,1000.0
875.0,1000.0
880.0,1000.0
885.0,1000.0
890.0,1000.0
895.0,1000.0
900.0,1000.0
905.0,1000.0
910.0,1000.0
915.0,1000.0
920.0,1000.0
925.0,1000.0
930.0,1000.0
935.0,1000.0
940.0,1000.0
945.0,1000.0
950.0,1000.0
955.0,1000.0
960.0,1000.0
965.0,1000.0
970.0,1000.0
975.0,1000.0
980.0,1000.0
985.0,1000.0
990.0,1000.0
995.0,1000.0
0.0,0.0
5.0,0.0
10.0,0.0
15.0,0.0
20.0,0.0
25.0,0.0
30.0,0.0
35.0,0.0
40.0,0.0
45.0,0.0
50.0,0.0
55.0,0.0
60.0,0.0
65.0,0.0
70.0,0.0
75.0,0.0
80.0,0.0
85.0,0.0
90.0,0.0
95.0,0.0
100.0,0.0
105.0,0.0
110.0,0.0
115.0,0.0
120.0,0.0
125.0,0.0
130.0,0.0
135.0,0.0
140.0,0.0
145.0,0.0
150.0,0.0
155.0,0.0
160.0,0.0
165.0,0.0
170.0,0.0
175.0,0.0
180.0,0.0
185.0,0.0
190.0,0.0
195.0,0.0
200.0,0.0
205.0,0.0
210.0,0.0
215.0,0.0
220.0,0.0
225.0,0.0
230.0,0.0
235.0,0.0
240.0,0.0
245.0,0.0
250.0,0.0
255.0,0.0
260.0,0.0
265.0,0.0
270.0,0.0
275.0,0.0
280.0,0.0
285.0,0.0
290.0,0.0
295.0,0.0
300.0,0.0
305.0,0.0
310.0,0.0
315.0,0.0
320.0,0.0
325.0,0.0
330.0,0.0
335.0,0.0
340.0,0.0
345.0,0.0
350.0,0.0
355.0,0.0
360.0,0.0
365.0,0.0
370.0,0.0
375.0,0.0
380.0,0.0
385.0,0.0
390.0,0.0
395.0,0.0
400.0,0.0
405.0,0.0
410.0,0.0
415.0,0.0
420.0,0.0
425.0,0.0
430.0,0.0
435.0,0.0
440.0,0.0
445.0,0.0
450.0,0.0
455.0,0.0
460.0,0.0
465.0,0.0
470.0,0.0
475.0,0.0
480.0,0.0
485.0,0.0
490.0,0.0
495.0,0.0
500.0,0.0
505.0,0.0
510.0,0.0
515.0,0.0
520.0,0.0
525.0,0.0
530.0,0.0
535.0,0.0
540.0,0.0
545.0,0.0
550.0,0.0
555.0,0.0
560.0,0.0
565.0,0.0
570.0,0.0
575.0,0.0
580.0,0.0
585.0,0.0
590.0,0.0
595.0,0.0
600.0,0.0
605.0,0.0
610.0,0.0
615.0,0.0
620.0,0.0
625.0,0.0
630.0,0.0
635.0,0.0
640.0,0.0
645.0,0.0
650.0,0.0
655.0,0.0
660.0,0.0
665.0,0.0
670.0,0.0
675.0,0.0
680.0,0.0
685.0,0.0
690.0,0.0
695.0,0.0
700.0,0.0
705.0,0.0
710.0,0.0
715.0,0.0
720.0,0.0
725.0,0.0
730.0,0.0
735.0,0.0
740.0,0.0
745.0,0.0
750.0,0.0
755.0,0.0
760.0,0.0
765.0,0.0
770.0,0.0
775.0,0.0
780.0,0.0
785.0,0.0
790.0,0.0
795.0,0.0
800.0,0.0
805.0,0.0
810.0,0.0
815.0,0.0
820.0,0.0
825.0,0.0
830.0,0.0
835.0,0.0
840.0,0.0
845.0,0.0
850.0,0.0
855.0,0.0
860.0,0.0
865.0,0.0
870.0,0.0
875.0,0.0
880.0,0.0
885.0,0.0
890.0,0.0
895.0,0.0
900.0,0.0
905.0,0.0
910.0,0.0
915.0,0.0
920.0,0.0
925.0,0.0
930.0,0.0
935.0,0.0
940.0,0.0
945.0,0.0
950.0,0.0
955.0,0.0
960.0,0.0
965.0,0.0
970.0,0.0
975.0,0.0
980.0,0.0
985.0,0.0
990.0,0.0
995.0,0.0
0.0,0.0
0.0,5.0
0.0,10.0
0.0,15.0
0.0,20.0
0.0,25.0
0.0,30.0
0.0,35.0
0.0,40.0
0.0,45.0
0.0,50.0
0.0,55.0
0.0,60.0
0.0,65.0
0.0,70.0
0.0,75.0
0.0,80.0
0.0,85.0
0.0,90.0
0.0,95.0
0.0,100.0
0.0,105.0
0.0,110.0
0.0,115.0
0.0,120.0
0.0,125.0
0.0,130.0
0.0,135.0
0.0,140.0
0.0,145.0
0.0,150.0
0.0,155.0
0.0,160.0
0.0,165.0
0.0,170.0
0.0,175.0
0.0,180.0
0.0,185.0
0.0,190.0
0.0,195.0
0.0,200.0
0.0,205.0
0.0,210.0
0.0,215.0
0.0,220.0
0.0,225.0
0.0,230.0
0.0,235.0
0.0,240.0
0.0,245.0
0.0,250.0
0.0,255.0
0.0,260.0
0.0,265.0
0.0,270.0
0.0,275.0
0.0,280.0
0.0,285.0
0.0,290.0
0.0,295.0
0.0,300.0
0.0,305.0
0.0,310.0
0.0,315.0
0.0,320.0
0.0,325.0
0.0,330.0
0.0,335.0
0.0,340.0
0.0,345.0
0.0,350.0
0.0,355.0
0.0,360.0
0.0,365.0
0.0,370.0
0.0,375.0
0.0,380.0
0.0,385.0
0.0,390.0
0.0,395.0
0.0,400.0
0.0,405.0
0.0,410.0
0.0,415.0
0.0,420.0
0.0,425.0
0.0,430.0
0.0,435.0
0.0,440.0
0.0,445.0
0.0,450.0
0.0,455.0
0.0,460.0
0.0,465.0
0.0,470.0
0.0,475.0
0.0,480.0
0.0,485.0
0.0,490.0
0.0,495.0
0.0,500.0
0.0,505.0
0.0,510.0
0.0,515.0
0.0,520.0
0.0,525.0
0.0,530.0
0.0,535.0
0.0,540.0
0.0,545.0
0.0,550.0
0.0,555.0
0.0,560.0
0.0,565.0
0.0,570.0
0.0,575.0
0.0,580.0
0.0,585.0
0.0,590.0
0.0,595.0
0.0,600.0
0.0,605.0
0.0,610.0
0.0,615.0
0.0,620.0
0.0,625.0
0.0,630.0
0.0,635.0
0.0,640.0
0.0,645.0
0.0,650.0
0.0,655.0
0.0,660.0
0.0,665.0
0.0,670.0
0.0,675.0
0.0,680.0
0.0,685.0
0.0,690.0
0.0,695.0
0.0,700.0
0.0,705.0
0.0,710.0
0.0,715.0
0.0,720.0
0.0,725.0
0.0,730.0
0.0,735.0
0.0,740.0
0.0,745.0
0.0,750.0
0.0,755.0
0.0,760.0
0.0,765.0
0.0,770.0
0.0,775.0
0.0,780.0
0.0,785.0
0.0,790.0
0.0,795.0
0.0,800.0
0.0,805.0
0.0,810.0
0.0,815.0
0.0,820.0
0.0,825.0
0.0,830.0
0.0,835.0
0.0,840.0
0.0,845.0
0.0,850.0
0.0,855.0
0.0,860.0
0.0,865.0
0.0,870.0
0.0,875.0
0.0,880.0
0.0,885.0
0.0,890.0
0.0,895.0
0.0,900.0
0.0,905.0
0.0,910.0
0.0,915.0
0.0,920.0
0.0,925.0
0.0,930.0
0.0,935.0
0.0,940.0
0.0,945.0
0.0,950.0
0.0,955.0
0.0,960.0
0.0,965.0
0.0,970.0
0.0,975.0
0.0,980.0
0.0,985.0
0.0,990.0
0.0,995.0
1000.0,0.0
1000.0,5.0
1000.0,10.0
1000.0,15.0
1000.0,20.0
1000.0,25.0
1000.0,30.0
1000.0,35.0
1000.0,40.0
1000.0,45.0
1000.0,50.0
1000.0,55.0
1000.0,60.0
1000.0,65.0
1000.0,70.0
1000.0,75.0
1000.0,80.0
1000.0,85.0
1000.0,90.0
1000.0,95.0
1000.0,100.0
1000.0,105.0
1000.0,110.0
1000.0,115.0
1000.0,120.0
1000.0,125.0
1000.0,130.0
1000.0,135.0
1000.0,140.0
1000.0,145.0
1000.0,150.0
1000.0,155.0
1000.0,160.0
1000.0,165.0
1000.0,170.0
1000.0,175.0
1000.0,180.0
1000.0,185.0
1000.0,190.0
1000.0,195.0
1000.0,200.0
1000.0,205.0
1000.0,210.0
1000.0,215.0
1000.0,220.0
1000.0,225.0
1000.0,230.0
1000.0,235.0
1000.0,240.0
1000.0,245.0
1000.0,250.0
1000.0,255.0
1000.0,260.0
1000.0,265.0
1000.0,270.0
1000.0,275.0
1000.0,280.0
1000.0,285.0
1000.0,290.0
1000.0,295.0
1000.0,300.0
1000.0,305.0
1000.0,310.0
1000.0,315.0
1000.0,320.0
1000.0,325.0
1000.0,330.0
1000.0,335.0
1000.0,340.0
1000.0,345.0
1000.0,350.0
1000.0,355.0
1000.0,360.0
1000.0,365.0
1000.0,370.0
1000.0,375.0
1000.0,380.0
1000.0,385.0
1000.0,390.0
1000.0,395.0
1000.0,400.0
1000.0,405.0
1000.0,410.0
1000.0,415.0
1000.0,420.0
1000.0,425.0
1000.0,430.0
1000.0,435.0
1000.0,440.0
1000.0,445.0
1000.0,450.0
1000.0,455.0
1000.0,460.0
1000.0,465.0
1000.0,470.0
1000.0,475.0
1000.0,480.0
1000.0,485.0
1000.0,490.0
1000.0,495.0
1000.0,500.0
1000.0,505.0
1000.0,510.0
1000.0,515.0
1000.0,520.0
1000.0,525.0
1000.0,530.0
1000.0,535.0
1000.0,540.0
1000.0,545.0
1000.0,550.0
1000.0,555.0
1000.0,560.0
1000.0,565.0
1000.0,570.0
1000.0,575.0
1000.0,580.0
1000.0,585.0
1000.0,590.0
1000.0,595.0
1000.0,600.0
1000.0,605.0
1000.0,610.0
1000.0,615.0
1000.0,620.0
1000.0,625.0
1000.0,630.0
1000.0,635.0
1000.0,640.0
1000.0,645.0
1000.0,650.0
1000.0,655.0
1000.0,660.0
1000.0,665.0
1000.0,670.0
1000.0,675.0
1000.0,680.0
1000.0,685.0
1000.0,690.0
1000.0,695.0
1000.0,700.0
1000.0,705.0
1000.0,710.0
1000.0,715.0
1000.0,720.0
1000.0,725.0
1000.0,730.0
1000.0,735.0
1000.0,740.0
1000.0,745.0
1000.0,750.0
1000.0,755.0
1000.0,760.0
1000.0,765.0
1000.0,770.0
1000.0,775.0
1000.0,780.0
1000.0,785.0
1000.0,790.0
1000.0,795.0
1000.0,800.0
1000.0,805.0
1000.0,810.0
1000.0,815.0
1000.0,820.0
1000.0,825.0
1000.0,830.0
1000.0,835.0
1000.0,840.0
1000.0,845.0
1000.0,850.0
1000.0,855.0
1000.0,860.0
1000.0,865.0
1000.0,870.0
1000.0,875.0
1000.0,880.0
1000.0,885.0
1000.0,890.0
1000.0,895.0
1000.0,900.0
1000.0,905.0
1000.0,910.0
1000.0,915.0
1000.0,920.0
1000.0,925.0
1000.0,930.0
1000.0,935.0
1000.0,940.0
1000.0,945.0
1000.0,950.0
1000.0,955.0
1000.0,960.0
1000.0,965.0
1000.0,970.0
1000.0,975.0
1000.0,980.0
1000.0,985.0
1000.0,990.0
1000.0,995.0
