165.33994044352355,611.4973874576876
171.7847065241541,233.2694628753102
407.6764622855757,496.2293522320777
317.85856704083517,523.657397834909
305.8817442045694,483.97860718444025
149.17456037142966,468.04330798064643
301.1787299114862,475.0379358701905
233.67350991134322,354.5548453000563
240.97982157220991,795.9742111331329
160.31888776948497,227.56964788328176
225.4464713390554,345.11970654143664
172.34357026137852,238.78472288452315
133.48541843914944,299.65410906802634
623.3689127383238,417.05402772664803
833.9853351245996,580.7740381046851
813.6152058223844,585.3272616863509
769.9834387930881,444.15991352361567
928.5916314578031,790.9706272858967
799.3813134514733,781.8314076468639
894.8913697770636,771.1285899960678
716.2561345859244,826.9964250621723
157.35236917565123,611.209636730275
568.6012300605365,333.63697619006547
477.6237405703584,277.3475176171041
468.66027796508695,332.8520091569253
523.5087509523253,214.97552850933607
716.5867491452559,272.36479559316626
719.3663294625197,362.45968722236825
590.073376759755,341.82987761504114
625.4655494781211,386.75037912156216
727.8818584375227,237.87609028648131
764.5953045253784,196.26985523078858
555.4160698022008,242.89976898536025
944.3631739434625,732.5
943.2519086131294,747.5
940.1195298518651,762.5
942.4323505183671,752.5
941.3882242646123,757.5
908.2541233958646,688.7280931861713
833.6467245835453,612.3414709985807
837.5642227347577,715.4846774228799
805.7018611651147,709.1563242571646
808.1112917327205,712.514317830142
934.9660376596692,777.5
506.3403615913054,738.6154787723265
644.8637412756306,849.1115275153468
717.6391781894977,950.8625521945517
486.43667574110674,710.4340888533569
412.07471865480943,576.2321686065493
531.9856668682763,642.3057922421185
518.0857855277657,595.8849696385194
374.63928887220476,655.909030751661
375.04952753419957,657.1751223663568
137.10144745640503,717.5
137.56210800454792,732.5
140.94493309703918,762.5
138.84326988475934,747.5
27.104069338376867,962.5
23.017136904419306,972.5
24.76697078253714,967.5
126.8714621099967,867.4999999999995
289.55711799447886,822.5221204047729
134.04290330633864,822.5
137.92682126959087,807.5
142.6941399151188,792.5
143.86709764138755,777.5
382.08279648040343,199.62483757876743
373.51317431374264,239.54557086614426
66.57915039429238,251.14193229093527
72.21971607795892,312.80751298660647
143.17438356833358,477.5
141.60120300198514,492.5
140.85269697999857,522.5
140.75542436230097,517.5
148.94710537886652,582.5
147.784119378631,577.5
141.67737152436044,537.5
144.82801806919332,562.5
137.1302275697059,712.5
138.64163035632464,687.5
143.46381858451815,657.5
139.21741135767118,682.5
144.58660047391035,652.5
151.56801214098562,627.5
153.23779491842345,622.5
152.96892007084205,597.5
252.7325614152797,347.33094193380856
276.7651801609152,267.8240402112562
386.19979854338106,277.3475176171041
372.7588601886092,249.04439278372288
383.5307719387651,268.14419239614824
451.51624597497124,419.8543697581811
521.856873339776,368.06888690836183
507.53990659722456,367.5512318176251
890.8748234295783,362.5
890.2991905456237,367.5
888.8006439952452,377.5
889.6077974008459,372.5
885.6846222135047,392.5
887.8777303288214,382.5
886.8390564015745,387.5
870.0855027838387,437.5
874.3622955939702,427.5
872.281779319316,432.5
881.5267580843567,407.5
879.9092828529947,412.5
876.3270516078014,422.5
878.1760473608095,417.5
891.33469605271,357.5
892.0165839370061,337.5
892.0197523571667,342.5
890.8463076481336,317.5
891.3125171115862,322.5
891.8976552560225,332.5
891.662966314216,327.5
881.4412107400224,272.5
882.9492625508825,277.5
885.6180853901335,287.5
884.3415541009194,282.5
888.7531176928372,302.5
886.7788564185245,292.5
887.8238671860923,297.5
834.5012735438007,182.5
838.0930100494757,187.5
844.9292022783561,197.5
841.5689862943274,192.5
854.3152886655041,212.5
848.1736580015619,202.5
851.3023534639445,207.5
879.8173986683393,267.5
878.077826335833,262.5
872.1645477733764,247.5
862.6595327052448,227.5
865.2094268635122,232.5
869.961934397578,242.5
867.6435607609567,237.5
944.0330561416976,723.3552983669624
944.2844594022554,727.5
944.2173203256772,737.5
943.8468985488995,742.5
936.9084365493935,772.5
938.6262672801255,767.5
766.201842916965,699.1581705831542
696.798391640972,727.5533170063709
724.6139247601582,613.1014296788627
702.3892359752222,526.7227808760341
677.5432734192386,599.4026196557702
654.8941095773042,610.0710738229654
700.392062318193,475.917445929731
713.5415651973228,478.8483958958714
871.2956377867703,492.5
870.1094558942659,487.5
868.8211566481833,482.5
864.3435547884661,467.5
862.6467861280705,462.5
862.8021116124687,452.5
860.553971452256,456.7269117802264
860.8479001140968,457.5
930.4075354032433,787.5
932.7990706109524,782.5
788.4029940369941,818.9045622531573
741.6392966956473,835.091030486968
747.913044578586,889.6791282126576
325.21526248532683,911.0821197783504
336.3448139096791,898.6175987374301
351.51486327482326,898.0785794853505
451.48091268703865,956.0224800155984
547.1823074707034,734.1208293946926
601.2188136446847,743.6705169488075
646.4393866095186,697.3154432236505
564.846852263139,655.9440695313749
641.5737437923416,649.9093370982371
524.2976617151793,915.3587388222335
571.6403509437456,838.1015060849339
615.3445253960815,834.0391698779179
629.1997752207443,844.6260936970635
816.9983453601466,945.9987202167799
527.5066762889157,511.8763969960136
477.4372158352571,578.3724033660998
506.67488565657214,471.429815641687
518.3260798022441,471.92690079159456
416.50162366146543,533.52326992155
412.1092483629947,576.1980435932531
617.1978766193713,422.3550596454669
547.9603719848909,445.1035967626921
547.0527045904389,448.00312283692057
137.317387673826,727.5
137.16383415777838,722.5
138.32504911001456,742.5
137.8979951499441,737.5
142.80187597859717,772.5
141.82782113048106,767.5
140.15321187827163,757.5
139.45265747417832,752.5
33.05829668552407,953.1859550753511
30.02843257193849,957.5
32.5,989.298480502113
21.854567704023367,977.5
67.5,972.0792753802211
82.5,939.8681872446264
42.32511033895475,942.5
47.598532283403976,937.5
66.94238618308299,922.5
93.55875872715677,906.4412412728432
91.57162218225906,907.5
127.5,874.7119024122503
127.32558549610094,862.5
129.28291680649303,847.5
416.10567318419015,886.6071509131594
396.818161541321,881.6683314540296
472.54327483076355,866.3635476167158
501.553384729048,813.4174447516348
493.22119452450846,786.4423996234204
131.94440282099032,832.5
132.9445752479825,827.5
135.23938699605878,817.5
136.53402631714283,812.5
139.4177718534029,802.5
141.00687806857886,797.5
145.55724910327402,784.6392357829152
145.02348611885225,782.5
144.4795573930227,787.5
143.94867909711758,91.96363153522132
281.78523727843395,73.5051272292823
291.5486778999985,206.55727796600917
219.90613394768997,207.9776877971862
265.65345306974484,238.94805237088178
226.29288735245666,148.30095573822837
143.87639598753938,472.5
143.9696603234889,471.9103328464171
121.4465366642013,447.5
99.48957165182863,417.5
109.68063579636362,432.5
76.89317861612064,367.5
78.36539955804007,372.5
90.87334423059639,402.5
83.83195353266686,387.5
65.79228263952116,282.5
65.40953878526162,277.5
61.76557188088852,237.5
66.37075973029201,252.5
72.15680177869467,342.5
71.73447198564371,337.5
71.51737375535934,322.5
71.79497139488737,317.5
142.03678707555648,487.5
142.5611805976726,482.5
140.996463200477,502.5
141.25442837695866,497.5
141.31367056102832,532.5
141.03877904624102,527.5
140.82730747254016,507.5
140.74696119314814,512.5
151.53950572497206,592.5
150.19890082764687,587.5
145.72457572379437,567.5
146.70994282694028,572.5
142.67120179665912,547.5
142.12988193623733,542.5
143.30133110562568,552.5
144.02026986313712,557.5
137.46128824033056,702.5
137.2501744976811,707.5
137.7635687976543,697.5
138.15701616965234,692.5
141.49175524975655,667.5
142.43220350980022,662.5
140.64247380438715,672.5
139.88435917369205,677.5
147.10566469671764,642.5
145.80054917797685,647.5
148.50194703013267,637.5
149.989396178222,632.5
156.85086091732205,612.5
154.9987445105356,617.5
156.09417710821654,607.5
154.48714386525688,602.5
433.77233330722345,332.94422309537833
385.9533164508803,312.17635927229577
334.2064046987439,372.2625209846969
353.55546218919955,408.9558568064068
400.6919863447643,436.89538936176217
420.06143185857246,426.7581525612296
498.20598527871766,60.053659736008186
453.5035653034946,126.03314275536981
458.467668423644,155.40994828761558
782.5,112.81430347274726
883.0284730548957,402.5
884.4144277646117,397.5
865.3456689304151,447.5
867.7734659875384,442.5
891.9071605165041,347.5
891.6788084150186,352.5
890.2643379238579,312.5
889.566607938759,307.5
859.9938782861543,222.5
857.2124636062407,217.5
876.2224937425038,257.5
874.2514008883517,252.5
936.1910353960403,689.1550934510947
872.3797023256964,497.5
873.3616495110442,502.5
875.0191918210053,512.5
874.2414793428138,507.5
882.1388190122744,527.5
876.2222488450967,522.0987998673988
876.6786122312164,522.5
875.6947869456184,517.5
865.9382060952835,472.5
867.4307400485225,477.5
872.5,921.4544538268074
897.5,900.7867842752477
899.2013254211853,892.5
862.5,928.0507436304866
867.5,924.8719400155717
857.5,930.9908646715523
832.5,942.1112312691428
658.674334665353,922.7082973488535
777.5,967.4890575377411
782.5,966.1623608025725
787.5,964.4323378235307
812.5,949.7323292702259
817.5,945.9192603415062
619.7660424219745,498.388687905401
612.5010542554654,464.8337371754761
565.7982092972327,468.3228033187497
992.5,992.5
987.5,987.5
62.5,979.5054475857338
57.5,985.2761912047372
47.5,991.8513926832157
52.5,989.3915062372312
42.5,992.6558505426909
37.5,991.8048798156566
2.5,997.5
21.770647777588195,978.2293522224118
17.5,982.5
77.5,952.2606452096674
72.5,962.997674588199
92.5,910.1169855550163
87.5,925.8203006930761
35.027175542775225,950.6859550753511
37.63895307222744,947.5
59.90717020546809,927.5
53.459218905575085,932.5
82.7746121714785,912.5
74.5648668384198,917.5
102.5,897.5
97.5,902.5
247.5,943.8820227592031
232.5,942.2606396920713
207.5,935.0980920555899
182.5,922.3602412633645
132.5,880.1586302116823
157.5,904.0470873153953
126.51649891590547,872.5
126.46346938741658,873.5365306125834
122.5,877.5
128.53131284434915,852.5
127.87886907421843,857.5
130.1336809606501,842.5
131.04238602536213,837.5
130.81553502053796,838.911008610123
448.47417870863967,787.9480677269822
400.44921960614033,802.2162657858319
372.14668707480035,767.3362413003963
373.8632315231939,661.230012352835
374.8342145860877,658.1075320558089
58.38242302727484,222.5
56.974443635782606,207.5
60.08399323916255,177.5
57.54163370641186,192.5
90.00512599138001,117.5
79.56208861014343,132.5
64.60152223403472,162.5
71.09422069102835,147.5
379.9073417526753,74.2647398214713
298.6795603801614,189.4776714011454
338.14035091419794,164.50008538437007
332.7788877427686,144.5300859426703
247.7127722957904,137.55926596735787
239.60843564634166,143.77149798715084
134.78727425534169,462.5
139.5841505020113,467.5
130.16537986681683,457.5
125.7184673364367,452.5
106.10863255670719,427.5
102.71161117519554,422.5
117.34958785011065,442.5
113.42762089416478,437.5
74.47368230671599,357.5
75.59593953234594,362.5
81.83478701631319,382.5
80.01260235810426,377.5
96.44251398660644,412.5
93.57043817952905,407.5
88.35123213980847,397.5
86.00410190716529,392.5
67.13275839130583,292.5
66.36668917486922,287.5
65.21903912000818,267.5
65.21845761209063,272.5
65.11832081780956,247.5
63.33221471256452,242.5
65.41128330901422,262.5
65.79519017910884,257.5
73.52640693923081,352.5
72.75411342989037,347.5
71.41475797397605,327.5
71.4871240507375,332.5
68.09049028883098,297.5
69.23988486744466,302.5
72.11366206793765,312.5
70.5809421271469,307.5
551.0817958784496,55.22118316287433
544.9965540362781,107.62037586031705
496.65119253700306,184.91449304150152
524.5053190134333,213.9841613861912
529.067462562983,215.10766014148192
752.5,78.93792379923823
757.5,83.8321122039094
767.5,94.52273886234816
762.5,89.0270505582794
772.5,100.31917711611575
777.5,106.41636531958211
817.5,166.02086913646963
822.5,172.23402048182783
820.9346220577675,172.068508895261
807.5,149.315243484055
812.5,157.51768133541293
787.5,119.51299157561121
792.5,126.51242962817395
802.5,141.41355558239584
797.5,133.8126176304355
944.3035082077355,632.5
944.7637480167214,637.5
945.0024139566833,647.5
944.996716599704,642.5
941.6218323515308,672.5
942.7524911245678,667.5
944.7808400876594,652.5
942.7009068246796,712.5
940.522364311334,702.5
941.723919647503,707.5
939.0962408161724,697.5
937.4455491620186,692.5
940.2639023524904,677.5
897.1558119994289,542.5
901.7069338764738,547.5
910.1273639525538,557.5
906.0307845275154,552.5
921.0534748716492,572.5
913.9966721515889,562.5
917.6387091246206,567.5
943.6159971727463,627.5
942.7012149117539,622.5
941.5591614247583,617.5
929.934144756715,587.5
932.4398255997304,592.5
936.7693736077514,602.5
934.7182352167425,597.5
892.3774188963807,537.5
887.3717545673293,532.5
882.5,913.9034337277312
877.5,917.7982850641939
887.5,909.7698998174193
892.5,905.3976833332581
847.5,936.1550590321363
852.5,933.6923031387689
842.5,938.3791323516543
837.5,940.3645230973232
898.4546675630196,877.7199744177867
385.58852953856524,967.4529401374739
384.708243365543,978.3952900507115
565.4181750297612,945.8738713025796
797.5,959.762313133828
792.5,962.2989886006159
802.5,956.8223114231671
807.5,953.478983468633
827.5,943.6192568671131
822.5,944.8885998912343
588.4132480996293,503.38063465621815
607.6617898936169,509.8953384853402
552.9977895847541,523.0502516184599
564.2802892837699,577.9823658377356
619.6112741398464,582.8575424492495
982.5,982.5
27.5,985.1366526020599
22.5,979.3193961154975
257.5,943.8478841728089
252.5,943.9764595291209
242.5,943.5645738630557
237.5,943.0241128406783
197.5,930.671988117389
202.5,932.9965461496042
227.5,941.2741544172345
222.5,940.064657016168
212.5,936.9766258353457
217.5,938.6321474888716
192.5,928.1244179589439
187.5,925.353835674269
162.5,908.1557423574486
167.5,912.0413852732722
177.5,919.1436347262302
172.5,915.7040160628661
142.5,890.3830494318568
137.5,885.3823458848843
147.5,895.1607408525994
152.5,899.7154201471122
296.39266207846083,60.62227494560871
127.5,95.67931133347223
132.5,94.38476039559498
147.5,88.40526173424375
60.418392322781564,232.5
59.290676038243674,227.5
57.69363328987504,217.5
57.2243068260443,212.5
58.169623610426356,187.5
59.01707678800994,182.5
56.944043719089976,202.5
57.133107075966386,197.5
82.82363779698656,127.5
86.30465025739875,122.5
73.69738005716432,142.5
76.52000269686935,137.5
61.37037296388422,172.5
62.87621596217495,167.5
66.54629177946354,157.5
68.71052459846143,152.5
346.54442279610885,72.3444650511213
942.5,57.50000000000001
907.5,92.5
877.5,122.5
902.5,97.5
892.5,107.5
897.5,102.5
847.5,152.5
852.5,147.5
862.5,137.5
857.5,142.5
531.9606824811685,50.81566488662741
639.6177825432275,48.521696192600714
632.042160522866,67.6139585212198
567.2781182646615,67.61395852186462
582.612910359012,118.58653554544466
737.5,66.05985828341748
687.5,42.68171996110332
712.5,50.61141475102546
672.5,41.53290248353559
657.5,43.09083455325701
943.6558786716016,662.5
944.3319949926321,657.5
943.8075452680332,720.8552983669624
943.4533258428639,717.5
936.8662286763998,687.5
938.6787011274467,682.5
927.2011926876963,582.5
924.2409693926744,577.5
938.593240772757,607.5
940.1898367117592,612.5
899.1684892811164,899.1684892811164
899.2077338967435,897.5
917.5,917.5
928.5358064729052,792.5
928.1779272988588,797.5
927.6446783691154,802.5
919.0015827013876,837.5
924.9927130457012,817.5
923.7579850931687,822.5
898.6015737392928,877.5
899.0709032325904,887.5
898.8164673309585,882.5
917.0653757260661,842.5
907.5668502678077,862.5
910.2045362659181,857.5
942.5,942.5
311.21264962494865,928.3794676664018
433.9532783181187,970.0345407328639
492.5,958.7775931010851
452.5,956.3717704199208
467.5,959.6289763750963
527.5,944.3975307989319
532.6401756138177,940.9856162471058
532.5,941.0872242111446
567.5,947.2009831175739
562.5,945.8669823214769
682.4244656708701,951.6628495648226
680.8701406110715,951.3301462398802
677.5,955.1866972381113
657.5,972.0178786351647
662.5,968.7183942895606
742.5,965.4827998554757
727.5,958.5730814764088
712.5,985.3109000774034
972.5,972.5
977.5,977.5
12.5,987.5
7.5,992.5
117.50000000000001,882.5
107.5,892.5
112.5,887.5
57.50000000000001,57.5
102.423332834738,102.5
217.5,31.09570966370033
192.5,44.8261123513366
262.5,34.36591219772999
267.5,36.9502940167313
282.5,47.368670651999494
297.5,60.639256719216064
117.5,98.6894690440525
122.5,97.11421421629142
142.5,92.21671435466638
137.5,93.23056140265972
157.5,79.21204190650438
152.5,83.67088034740142
177.5,58.39481632044691
172.5,63.80612803623845
167.5,69.66164494840734
164.44948267983057,73.50512722928231
162.5,75.02874641155266
487.5,48.74566784334035
472.5,36.69826644197803
437.5,25.62838559693965
872.5,127.5
867.5,132.5
887.5,112.5
882.5,117.50000000000001
842.5,157.5
830.7937767773029,177.5
827.1999519291014,172.80004807089858
827.5,172.5
514.9403265074685,56.817880656690406
627.5,38.25778305517017
652.5,44.21164514256176
749.9030194364378,189.14372855130514
633.2564374231614,126.08832460414844
554.7543005440904,189.1437286494171
598.7539003110005,135.99373250491698
747.5,74.34448534426585
742.5,70.05179683899226
717.5,53.09960355810627
722.5,55.88854231488588
732.5,62.36866967754149
727.5,58.97823102136429
697.5,44.95134802797578
692.5,43.66615901969015
702.5,46.53728698596021
707.5,48.42397589364344
682.5,41.99803085221528
677.5,41.61509169302603
667.5,41.75146322374394
662.5,42.27077391365108
902.5,902.5
907.5,907.5
912.5,912.5
926.0520712425365,812.5
926.9360596836746,807.5
922.3478873849389,827.5
920.7624199210119,832.5
904.753794514,867.5
901.765369004495,872.5
912.6668525083314,852.5
914.9537989950475,847.5
947.5,947.5
967.5,967.5
937.5,937.5
932.5,932.5
372.5,987.0348233827269
357.5,988.3082208078657
337.5,974.2752885383097
342.5,979.4689639810281
262.5,943.4962966902672
322.5,951.9524927088369
387.5,981.5350507909882
402.5,990.4212734887155
437.5,967.8181552335802
512.5,952.444432602503
507.5,954.4987272170963
497.5,957.6653074663873
502.5,956.2390188383911
482.5,960.0601553905851
487.5,959.5758757424844
462.5,958.8572440500029
457.5,957.7715087316111
477.5,960.2304320453874
472.5,960.086705706891
622.5,978.159130319421
607.5,971.7079852903671
582.5,954.82391562135
517.5,950.0761349946112
522.5,947.3938343934208
547.5,944.4459367410404
577.5,952.6061374003559
572.5,950.0651598990972
552.5,945.1505577424417
557.5,945.6242396025873
707.5,995.0600483092302
702.5,998.6934710536174
692.5,987.6131400800732
697.5,996.2111683105651
687.5,972.8993863621417
682.5,952.0699071567708
647.5,976.8002253190544
652.5,974.7118223116627
672.5,960.3028035910339
667.5,964.8133692748503
772.5,968.4124280290367
767.5,968.9324722764592
757.5,968.7625820396851
762.5,969.0491902800087
752.5,968.0726475554884
747.5,966.9793868274186
737.5,963.5828866396598
732.5,961.2796471799709
717.5,969.446026358137
720.9314309911537,954.3610444937334
722.5,955.4631895289737
27.5,27.5
22.5,22.5
17.5,17.5
52.5,52.5
47.5,47.5
42.5,42.5
37.5,37.5
32.5,32.5
82.49999999999999,82.5
62.5,62.5
67.5,67.5
77.5,77.5
72.5,72.5
93.92506499893028,112.5
98.06446728004963,107.5
102.45997884044456,102.45997884044456
102.5,102.45725321490899
112.5,100.40507581675554
107.56232298809672,102.23790075578697
107.5,102.23909478692029
247.5,29.27799791899035
242.5,28.47043688549856
232.5,28.18793040764713
237.5,28.107081048384156
227.5,28.712984963287486
222.5,29.682244715305213
182.5,53.427709801032755
187.5,48.90480847799599
212.5,32.95337980847283
207.5,35.2552551496227
197.5,41.191621421054585
202.5,38.001335687149954
252.5,30.529764148859517
257.5,32.22573557510607
277.5,43.451673243866054
272.5,39.97888103210998
292.5,56.53528105739852
287.5,51.72987325651031
307.5,61.411561505118705
302.5,60.92225110487034
497.5,59.211657695411475
492.5,53.73522387759296
482.5,44.242989592653664
477.5,40.22718912553289
447.5,26.356819777692465
442.5,25.7491637955331
467.5,33.65622154198908
462.5,31.101054425566055
452.5,27.451353543417746
457.5,29.032765092708942
377.5,14.699486422473456
402.5,10.19566513144062
432.5,25.994485181912115
416.708068489011,30.380494884769995
417.5,30.014050638225005
372.5,21.688129380807442
357.5,54.82981565606424
312.5,62.10718791996111
987.5,12.5
982.5,17.5
967.5,32.5
952.5,47.5
947.5,52.5
937.5,62.5
932.5,67.5
927.5,72.5
922.5,77.5
917.5,82.49999999999999
912.5,87.5
552.5,21.136084532136596
517.5,55.69089497424112
502.5,58.967748173331806
567.5,11.690054333439846
582.5,12.533185908042922
612.5,29.66382454471398
607.5,27.791449259502034
637.5,46.467782607824596
632.5,42.1147134435957
642.5,47.35551617026761
647.5,45.63320568156529
952.5,952.5
957.5,957.5
962.5,962.5
922.5,922.5
927.5,927.5
382.5,980.5677505148697
377.5,984.3631010739081
367.5,988.5829174413261
362.5,989.0073832497058
327.5,960.5170529022141
332.5,967.9579848453717
352.5,986.4854301158061
347.5,983.5390111735269
272.5,942.1240853464944
267.5,942.9216970814957
291.5128611672722,937.0371029915802
287.5,938.3931773841122
277.5,941.1034614852634
282.5,939.8598254978027
294.0128611672722,936.1247955944993
297.5,934.7908447780419
307.5,930.2964636670526
302.5,932.6551602856621
312.5,931.4524875714236
317.5,942.2643042652401
397.5,988.7897975645916
392.5,985.8277233320158
412.5,989.6924304116077
407.5,990.7221511043875
417.5,987.3321114103759
422.5,983.6411941006922
432.5,972.2675645559694
427.5,978.6196784825568
447.5,959.8660728766718
442.5,964.1259427313075
642.5,978.28308765734
637.5,979.1604093265196
627.5,979.09843065756
632.5,979.432190326593
612.5,974.4639076358246
617.5,976.6142893121759
597.5,964.3795185921338
602.5,968.3465222758035
587.5,956.7184945620796
590.3968340011323,957.6288997679042
592.5,959.8069742393578
537.5,942.3438773144704
542.5,943.5103765983833
97.5,97.5
387.5,6.8100792059329045
382.5,9.740136364181945
388.78850261037036,6.577951786327406
422.5,28.187317702554793
427.5,26.847462550450494
407.5,15.382779573361468
412.5,22.59918691532479
362.5,41.75329399760283
367.5,30.706065239183896
352.1428952373802,71.1594359108581
352.5,69.93563021456812
347.5,72.11335958868798
322.5,64.11738879342819
317.5,63.00913034939761
342.5,70.61358271549122
337.5,68.68006021308435
327.5,65.43196325205284
332.5,66.95285372527157
977.5,22.5
972.5,27.5
957.5,42.5
962.5,37.5
837.5,162.5
832.5,167.49999999999997
562.5,13.695490869305452
557.5,16.84416760220437
532.5,49.73615422219865
537.5,40.871276504133164
547.5,26.571241659102135
542.5,33.149638983101
527.5,52.07635585060407
522.5,53.75224037132986
512.5,57.108286327196225
507.5,57.92644493110282
577.5,11.108901852808584
572.5,10.827857994607559
587.5,15.100710160310573
622.5,34.896991442548035
617.5,32.03233860572931
602.5,26.41521275009348
599.3268340937235,25.856673525600055
597.5,23.665479255945822
2.5,2.5
12.5,12.5
7.5,7.5
87.5,87.5
92.5,92.5
392.5,-3.271271093440863
397.5,7.037843589562241
395.46242742015534,6.577951786327408
997.5,2.5
992.5,7.5
593.820231235878,20.093156320249083
591.320231235878,17.93590581195165
